0 489.0 0.0
0 489.13159676304707 42.79346968910016
0 488.8503373569367 95.02287969751931
0 499.8560818879258 143.33142502483958
0 509.9511200117331 206.03362637875162
0 500.6312851510116 266.1903760996001
0 490.6222822480731 318.61383548379087
0 449.1903657221292 363.747186026806
0 392.4442635585339 392.4442635585339
0 302.75296416236006 360.8069327090386
0 249.40003494795306 369.75075735954863
0 204.58965974395426 369.089516412825
0 149.25929108290256 351.63285401883223
0 109.05464586158081 356.7016739742122
0 75.05612038521116 353.11128386490384
0 36.48043368041105 347.08814148352735
0 2.112515728529184e-14 345.0
0 -29.98157550519443 342.6909761435605
0 -67.35557536792031 346.5143957570254
0 -98.40253602666866 343.17042544997986
0 -136.73140659680791 338.4221069168774
0 -185.44126730042692 348.7642991792761
0 -223.84664339117614 344.6936034255693
0 -271.8664089335297 335.7270553494115
0 -346.48232278140824 346.4823227814083
0 -398.3431104218685 334.2495570370005
0 -464.2610406308233 313.1480259436183
0 -627.1023300189468 347.60849771662373
0 -728.1193390808803 309.06832263501553
0 -863.543194634621 264.0116493646311
0 -1782.184928536994 378.8151006699575
0 -1907.4929953163482 200.48559254735986
0 -1950.0 2.388061258337339e-13
0 -1947.5606347693627 -170.38947707167128
0 -1925.9525339243166 -374.3672489287807
0 -1893.6855409984882 -543.005590959488
0 -1791.3192070230334 -723.739938479542
0 -1470.1077421101133 -781.6701520385083
0 -991.3086113114912 -643.763339387762
0 -651.2483157009415 -527.3704876997639
0 -535.9869401394031 -535.986940139403
0 -447.3801763418315 -533.1669324108086
0 -329.36462014426974 -488.30313023491965
0 -271.978196958195 -490.6616557052011
0 -208.6504226132722 -491.5495917436031
0 -145.30873724720033 -475.2834637136286
0 -101.8767285007023 -479.29232435956476
0 -50.27819083174126 -478.3650316721395
0 -8.817456953860942e-14 -480.0
0 42.09622374711876 -481.1620391783131
0 95.40449768827256 -490.8135917238319
0 146.91471065046068 -512.3524839351239
0 202.66216703800836 -501.60646532063197
0 261.96513203452685 -492.68475681528133
0 330.59589425412116 -509.07303474287255
0 394.58388518824813 -487.27051783352067
0 455.3767670841365 -455.3767670841367
0 490.2684435961458 -411.38407019938535
0 515.661370129236 -347.81798595880434
0 516.900246919383 -286.5224855655851
0 492.47009659705554 -209.04115374176152
0 500.14738736866747 -152.91040156999154
0 498.8552763742409 -106.03496231705753
0 507.20616663781936 -53.309516266503245
100 489.0 0.0
100 487.13920736686356 42.61915820360484
100 483.94220143969835 94.06883472063659
100 487.35967984072767 139.7481393992186
100 478.42686895646233 193.2970022026106
100 467.9622242152313 248.81992827652212
100 482.23557656861885 313.16744513364057
100 449.1903657221292 363.747186026806
100 403.0508652763321 403.0508652763321
100 312.39477830765816 372.2975993558233
100 257.7879285000143 382.18632094787426
100 212.831423288142 383.9580514341947
100 155.12025801024166 365.4404268206188
100 112.27073461353092 367.2210262898056
100 77.55106067502427 364.8490550737095
100 36.89854753348167 351.06622906500047
100 2.149255132503605e-14 351.0
100 -30.06873124794209 343.68717084165223
100 -66.0199124002845 339.64300547289173
100 -97.02434924758367 338.36411697028825
100 -133.3599472560647 330.0774522257763
100 -175.5823644819232 330.22239972923865
100 -210.23066751580046 323.7268392269337
100 -251.09883602888507 310.0812386213314
100 -313.2483040656405 313.2483040656406
100 -356.9767104934437 299.5390261139274
100 -409.54456084219055 276.24129431454895
100 -518.6494863336617 287.4921048060779
100 -596.4871450371813 253.1937712610494
100 -685.6705100254965 209.63051228620213
100 -1068.1371800013158 227.03956637299316
100 -1546.481547297665 162.54176038120156
100 -1888.0 2.3121331567902026e-13
100 -1946.5644400712708 -170.30232132892363
100 -1917.1178892732878 -372.64996797039186
100 -1885.0341857350434 -540.524854757135
100 -1791.3192070230334 -723.739938479542
100 -1495.7132223030221 -795.2848273592991
100 -1000.5339875588909 -649.7543687729274
100 -674.5626945446506 -546.2500994312591
100 -564.271211386865 -564.2712113868648
100 -469.23495507117383 -559.2124434768539
100 -349.4955646692166 -518.1484828469012
100 -287.9769144263241 -519.5241060408011
100 -221.54454985341826 -521.9262519075336
100 -151.74091475110055 -496.32216834481534
100 -104.78749217215093 -492.986390769838
100 -51.53253239095311 -490.2992944165588
100 -8.68886903995047e-14 -473.0
100 41.22466631964218 -471.20009219739563
100 90.06184581772929 -463.32803058729735
100 132.3059307921597 -461.405614050393
100 182.80801758696504 -452.46572102859227
100 232.85789514180163 -437.94200605802786
100 290.8372446980242 -447.8500832828566
100 349.90213742370963 -432.09315457007574
100 408.70771952582436 -408.7077195258246
100 484.90613249431294 -406.88455693157954
100 529.7550088626717 -357.32426531780703
100 553.6342746192375 -306.8844896159313
100 518.2442324937239 -219.9816253394612
100 519.2734824879282 -158.75783566444628
100 516.4619331874493 -109.77737275177721
100 498.2554695795049 -52.36876009709436
200 492.0 0.0
200 489.13159676304707 42.79346968910016
200 480.99731988935537 93.49640773450696
200 485.43715644885106 139.19686468758456
200 479.3540528110291 193.6716087960265
200 482.97233329383306 256.8009448438823
200 475.52621202505543 308.8103328535204
200 453.07609552941403 366.8937879820552
200 386.080302527855 386.080302527855
200 327.8216809401351 390.6826659906788
200 266.1758220520755 394.62188453619984
200 206.0440886046933 371.7133755342432
200 160.19976268060222 377.40698991550056
200 116.0715667749265 379.6529881173251
200 76.71941391175324 360.9364646707743
200 37.9438321661582 361.0114480186832
200 2.1859945364780255e-14 357.0
200 -30.6788214471757 350.6605337282944
200 -67.54638436329687 347.49602294047304
200 -97.57562395921767 340.2866403621649
200 -137.85522637705563 341.20365848057776
200 -176.0518360447091 331.1053473220976
200 -211.3199455858305 325.40418036282455
200 -269.34912736933035 332.6184715035836
200 -313.9554108468271 313.95541084682714
200 -356.9767104934437 299.5390261139274
200 -452.65451461505273 305.3193252950278
200 -511.6525286765465 283.61362784410727
200 -589.1231062095618 250.06792223313522
200 -809.0338235447281 247.34646219543518
200 -993.7979623455466 211.23827787084346
200 -1357.522387177693 142.68135236034735
200 -1947.0 2.3843873179398966e-13
200 -1948.5568294674542 -170.47663281441893
200 -1919.081143640183 -373.0315859611449
200 -1883.1116623431667 -539.9735800455011
200 -1782.0473684773654 -719.9938725453829
200 -1544.275339910263 -821.1057633125231
200 -817.7038037467885 -531.0230591396514
200 -686.9970299279622 -556.3192256880565
200 -567.8067452927978 -567.8067452927976
200 -426.8109728318622 -508.65351023100135
200 -349.4955646692166 -518.1484828469012
200 -287.0072951858314 -517.7748666265223
200 -208.25969148478296 -490.6290868901507
200 -150.27905622748688 -491.54064456500015
200 -103.9558454088799 -489.0738003669028
200 -49.337434662332385 -469.414334613825
200 -8.560281126039998e-14 -466.0
200 40.265953149417946 -460.24195051838643
200 88.34456485934038 -454.4933859362684
200 128.44700781072171 -447.9479503072566
200 176.81431209231044 -437.63077935552366
200 233.79683826737343 -439.7079012437457
200 279.3998249627087 -430.23800135600266
200 336.0570888206132 -414.9959434180224
200 420.72853480599565 -420.7285348059959
200 473.41546584752825 -397.24274278628144
200 522.2936707096763 -352.29152918657036
200 527.3956834050557 -292.34020100854116
200 530.2107955886056 -225.06113000982177
200 527.8802252915955 -161.3891810069509
200 502.76786677717604 -106.86660908032857
200 498.2554695795049 -52.36876009709436
300 492.0 0.0
300 481.1620391783131 42.09622374711889
300 481.978947072803 93.6872167298835
300 475.82453948946784 136.4404911294146
300 480.2812366655959 194.04621538944244
300 469.72811940094914 249.75887140209392
300 464.6234946417649 301.730025398325
300 451.5218036065001 365.6351471999555
300 398.80822458921284 398.80822458921284
300 342.60579596292547 408.30168818241526
300 254.99196398266054 378.04113308509903
300 211.86180404764931 382.2088120199159
300 164.49780509398423 387.5325433034774
300 112.56310631825366 368.17733104576865
300 78.38270743829531 368.76164547664473
300 38.57100294576413 366.97857939089283
300 2.173748068486552e-14 355.0
300 -31.027444418166333 354.64531252066143
300 -67.35557536792031 346.5143957570254
300 -100.33199751738765 349.8992573215481
300 -138.22983297047156 342.13084233514456
300 -176.0518360447091 331.1053473220976
300 -221.123448216101 340.50025058584214
300 -264.9438846319815 327.1784497733848
300 -309.00566337852126 309.00566337852126
300 -384.5543104457269 322.6793800626428
300 -444.3641388895023 299.72739626032035
300 -499.40785277659495 276.8262931606585
300 -659.0814750719474 279.76348799832004
300 -773.6505475740958 236.52870912069392
300 -910.655416283173 193.56578415133393
300 -1824.9476780007815 191.8097300961446
300 -1928.0 2.361119028756097e-13
300 -1953.537802957913 -170.91241152815724
300 -1929.8790426581074 -375.1304849102869
300 -1887.9179708228583 -541.351766824586
300 -1804.2997809869682 -728.9844307873648
300 -1056.8882686521354 -561.9574606547113
300 -847.0572736248782 -550.0854253651773
300 -697.8770733883598 -565.1297111627541
300 -511.9453095790605 -511.94530957906034
300 -433.2388489287276 -516.3139546621911
300 -352.29152918657036 -522.2936707096763
300 -268.5845296164706 -484.5393177552253
300 -207.86896035629368 -489.7085820366982
300 -149.6943128180414 -489.6280350530741
300 -99.17387652007142 -466.57640555002524
300 -48.91932080926177 -465.43624703235196
300 -8.468432616103947e-14 -461.0
300 39.65586295018434 -453.2685876317442
300 86.62728390095148 -445.6587412852394
300 125.96627160836871 -439.2965950438117
300 177.18891868572635 -438.55796321009046
300 227.69370795115685 -428.22958253657964
300 271.23023943748325 -417.6579428368213
300 344.86757429531093 -425.87598687842
300 405.17218561989165 -405.1721856198918
300 460.3927103145057 -386.31535342161027
300 521.4646331371213 -351.7323362830996
300 538.7657395978679 -298.64272607174354
300 543.0978635369397 -230.53136580867158
300 509.71043492829784 -155.8341186172189
300 509.6148999823127 -108.3219909160529
300 506.2116447424511 -53.20498780323559
400 485.0 0.0
400 485.1468179706801 42.444846718109524
400 479.03406552246 93.11478974375386
400 485.43715644885106 139.19686468758456
400 477.4996851018955 192.9223956091947
400 481.2064381081152 255.8620017183105
400 473.8488708891646 307.72105478349033
400 455.40753341378496 368.7817491552047
400 394.5655839020935 394.5655839020935
400 336.1779198660601 400.6412437512255
400 273.4453297971952 405.39937297941543
400 212.34661366789567 383.0834317270553
400 164.8885362224735 388.4530481569298
400 119.2876555268766 390.1723404329185
400 79.0064425107486 371.6960882788461
400 38.989116798834736 370.95666697236595
400 2.247226876435393e-14 367.0
400 -31.288911646409307 357.63389661493665
400 -69.07285632630922 355.34904040805435
400 -100.33199751738765 349.8992573215481
400 -142.35050549804657 352.3298647353792
400 -181.68549479813979 341.7007184364047
400 -217.85561400601082 335.4682271781696
400 -276.27165167087855 341.1670770796103
400 -323.1477990022522 323.1477990022522
400 -367.70133269710936 308.53805264953894
400 -468.4062284935985 315.943990460972
400 -527.3956834050556 292.3402010085413
400 -608.4537081320631 258.27327593140996
400 -842.5044900034343 257.57947186073096
400 -1026.0768331697623 218.09936366782952
400 -1459.958142400625 153.4477840769157
400 -1948.0 2.385611964739044e-13
400 -1950.5492188636379 -170.65094429991424
400 -1919.081143640183 -373.0315859611449
400 -1878.3053538634751 -538.5953932664161
400 -1765.3580590951633 -713.2509538638965
400 -1470.1077421101133 -781.6701520385083
400 -775.7702753495172 -503.79110738890006
400 -655.1340455082263 -530.5170896550131
400 -539.5224740453359 -539.5224740453357
400 -411.3840701993853 -490.26844359614586
400 -336.0749349859187 -498.25158110558016
400 -276.341483540412 -498.53323306945566
400 -198.88214440104036 -468.5369704072921
400 -144.43162213303214 -472.41454944573945
400 -100.21343497416022 -471.4671435536943
400 -47.45592232351463 -451.5129404971961
400 -8.229626490270213e-14 -448.0
400 38.78430552270776 -443.30664065082675
400 85.29162093331567 -438.7873510011057
400 124.03681011764972 -432.5677631722435
400 170.82060659765585 -422.79583768245504
400 225.3463501372274 -423.814844572285
400 269.05168329742315 -414.3032605650396
400 324.1000013906663 -400.23017015034
400 405.17218561989165 -405.1721856198918
400 457.32853254202973 -383.7442029828641
400 513.1742574115709 -346.14040724839214
400 530.8941622336133 -294.2794394895265
400 533.8928150024153 -226.62405452377885
400 531.7054443154476 -162.55866782584187
400 502.76786677717604 -106.86660908032857
400 501.23903526560974 -52.68234548689732
500 493.0 0.0
500 488.1354020649553 42.7063139463525
500 482.96057425625065 93.87802572526004
500 479.6695862732211 137.54304055268258
500 485.8443397929966 196.2938549499379
500 476.79170014382055 253.51464390438105
500 466.3008357776558 302.81930346835503
500 456.1846793752419 369.41106954625457
500 404.4650788387052 404.4650788387052
500 348.39088445010435 415.19608817048606
500 262.26147172778025 388.81862152831457
500 217.19470987035902 391.8296287984493
500 168.0143852503877 395.81708698454935
500 115.19445166075829 376.78407384943597
500 80.46182434647291 378.54312148398276
500 39.40723065190535 374.934754553839
500 2.228857174448183e-14 364.0
500 -31.63753461739994 361.6186754073036
500 -69.26366532168576 356.33066759150205
500 -102.53709636392365 357.58935088905463
500 -141.22668571779886 349.54831317167884
500 -180.2770801097821 339.0518756578279
500 -223.84664339117614 344.6936034255693
500 -268.71980697828053 331.84132554212664
500 -315.3696244092002 315.36962440920024
500 -389.1505771044408 326.53610572076207
500 -450.1674018973876 303.6417465846156
500 -504.65557101943136 279.73515088213657
500 -661.8429896323046 280.9356813837878
500 -776.5194618419848 237.4058242348621
500 -923.3713350927126 196.2686361319648
500 -1771.2434956508948 186.1651930796913
500 -1877.0 2.298662041999582e-13
500 -1911.6976256380597 -167.2518703327556
500 -1897.4853456043345 -368.83378806286095
500 -1858.1188582487705 -532.8070087942591
500 -1771.8483460771308 -715.8732000178079
500 -1033.9316312378035 -549.7512000222782
500 -831.1225328339152 -539.7372836998918
500 -685.4427380050482 -555.0605849059568
500 -499.21738751770266 -499.2173875177025
500 -424.8826100028026 -506.3553769016444
500 -344.4628285379799 -510.6871446939058
500 -261.7971949330219 -472.29464185527377
500 -202.00799342895456 -475.9010092349116
500 -145.60110895192307 -476.2397684695916
500 -96.6789362302583 -454.8386343412196
500 -47.560450786782276 -452.5074623925644
500 -8.192887086295793e-14 -446.0
500 38.609994037212445 -441.3142512546433
500 84.52838495180949 -434.8608422673151
500 122.38298598274773 -426.80019299661353
500 172.3190329713195 -426.5045731007222
500 220.6516345093685 -414.9853686436957
500 263.06065391225786 -405.0778843176399
500 334.7984480385135 -413.4416514951085
500 395.27269068327996 -395.27269068328013
500 447.36995478148305 -375.3879640569391
500 519.8065579920112 -350.6139504761581
500 543.1388381335648 -301.0667741729752
500 550.4619023645593 -233.65721483658578
500 513.5356539521499 -157.00360543610986
500 513.5274903852479 -109.15363767932394
500 510.1897323239242 -53.623101656306204
600 493.0 0.0
600 487.13920736686356 42.61915820360484
600 487.868710173489 94.83207070214277
600 483.5146330569744 138.64558997595057
600 483.98997208386305 195.54464176310609
600 475.0258049581027 252.57570077880925
600 483.0742471365643 313.7120841686556
600 453.853241490871 367.52310837310506
600 410.1219330881976 410.1219330881976
600 323.3221676723293 385.32035488884594
600 265.6166291486047 393.7928469636448
600 217.67951949060537 392.7042485055887
600 157.4646447811773 370.96345594133345
600 114.90207995603555 375.8277690934729
600 79.0064425107486 371.6960882788461
600 37.7347752396229 359.02240422794665
600 2.198241004469499e-14 359.0
600 -30.76597718992336 351.65672842638617
600 -67.35557536792031 346.5143957570254
600 -98.67817338248567 344.13168714591814
600 -135.98219340997608 336.56773920774384
600 -179.33813698421034 337.28598047211005
600 -215.67705786595073 332.1135449063879
600 -258.6506807214831 319.40699015881506
600 -321.02647865869255 321.0264786586926
600 -366.9352882539904 307.8952650398524
600 -425.29627472073633 286.8659594804932
600 -539.6403593050072 299.12753569199003
600 -617.6587566665875 262.1805872163027
600 -716.2722622163136 218.98640683732972
600 -1184.5367444886388 251.78105758030654
600 -1527.5856312856677 160.55571957911613
600 -1754.0 2.1480304857044575e-13
600 -1831.0058550926283 -160.1922551701953
600 -1813.0654078278353 -352.4242144604781
600 -1784.1017076615199 -511.58293239635015
600 -1584.5572074546396 -640.2026681477936
600 -1221.116520923896 -649.279171332887
600 -871.3787200952955 -565.8799573806132
600 -629.4882287801463 -509.74951675036846
600 -528.2087655463512 -528.208765546351
600 -442.8806630740257 -527.8046213089758
600 -328.24623433732825 -486.64505508980955
600 -271.4933873379486 -489.7870359980617
600 -209.0411537417615 -492.47009659705554
600 -142.96976360941844 -467.63302566592427
600 -99.17387652007142 -466.57640555002524
600 -48.60573541945881 -462.4526813462471
600 -8.229626490270213e-14 -448.0
600 38.78430552270776 -443.30664065082675
600 84.71919394718603 -435.84246945076274
600 124.58808482928372 -434.4902865641201
600 171.9444263779036 -425.5773892461554
600 220.1821629465826 -414.1024210508368
600 274.49807364757345 -422.68996624449386
600 329.134564519065 -406.4473378419957
600 387.49451609022793 -387.4945160902281
600 468.8191991888144 -393.3860171281622
600 517.3194452743461 -348.9363717657459
600 547.5119366692618 -303.4908222742069
600 528.3697858817007 -224.2796677528432
600 528.8365300475585 -161.68155271167365
600 521.3526711911184 -110.81693120586601
600 501.23903526560974 -52.68234548689732
700 496.0 0.0
700 488.1354020649553 42.7063139463525
700 487.868710173489 94.83207070214277
700 483.5146330569744 138.64558997595057
700 483.98997208386305 195.54464176310609
700 475.0258049581027 252.57570077880925
700 466.3008357776558 302.81930346835503
700 456.9618253366989 370.0403899373044
700 409.414826307011 409.414826307011
700 350.9620348888505 418.260265942962
700 265.6166291486047 393.7928469636448
700 220.10356759183705 397.0773470412857
700 168.79584750736623 397.65809669145426
700 114.90207995603555 375.8277690934729
700 80.25391265565514 377.56497388324897
700 39.72081604170831 377.91832023994385
700 2.2349804084439196e-14 365.0
700 -31.811846102895256 363.6110648034871
700 -69.64528331243885 358.29392195839733
700 -102.26145900810666 356.6280891931163
700 -141.60129231121476 350.47549702624565
700 -181.2160232353539 340.81777084354576
700 -225.48056049622122 347.20961512940556
700 -268.09048658723066 331.06417958066965
700 -316.78383797157323 316.7838379715733
700 -391.4487104337977 328.4644685498217
700 -450.1674018973876 303.6417465846156
700 -506.4048104337101 280.7047701226292
700 -665.5250090461144 282.49860589774494
700 -772.6942428181327 236.23633741597118
700 -933.1528111000506 198.34775304014238
700 -1667.8132185325944 175.2942328998553
700 -1759.0 2.1541537197001943e-13
700 -1782.1923148861329 -155.92162377556005
700 -1770.8554389395858 -344.2194276592867
700 -1736.038622864604 -497.8010646055002
700 -1644.8241580014808 -664.5520967198279
700 -941.2221339876161 -500.45668592975966
700 -761.512875694445 -494.53224379364457
700 -619.3853312812057 -501.56835166672056
700 -468.8117959266811 -468.811795926681
700 -394.67159234753524 -470.3512880750524
700 -317.0623762679133 -470.06430363870874
700 -243.37442936366108 -439.0590929839767
700 -187.16021054636215 -440.9218248037189
700 -136.24521440079548 -445.63801627877444
700 -90.02576212409 -423.5379111177378
700 -44.42459688875268 -422.6718055315162
700 -7.678535430653904e-14 -418.0
700 35.47238729829676 -405.4512421233404
700 78.04087910900695 -401.4855180300945
700 113.28695324078674 -395.078557030649
700 159.58240879517848 -394.98032204545143
700 202.34224356071877 -380.5504125221976
700 240.18581444162675 -369.8537204639321
700 304.5910692681214 -376.13864534517387
700 357.0889244992064 -357.0889244992066
700 406.7695992961772 -341.3202207435525
700 491.6192805251398 -331.6013917581527
700 522.1479651622193 -289.4313432870631
700 540.3363489765825 -229.35917242320377
700 517.3608729760022 -158.1730922550008
700 514.5056379859817 -109.36154937014169
700 512.1787761146608 -53.83215858284151
800 493.0 0.0
800 489.13159676304707 42.79346968910016
800 484.923828623146 94.25964371601313
800 481.5921096650978 138.09431526431658
800 474.71813353819516 191.79857582894695
800 481.2064381081152 255.8620017183105
800 468.81684748149206 304.45322057340013
800 453.853241490871 367.52310837310506
800 412.9503602129438 412.9503602129438
800 360.6038490341486 429.75093258974664
800 293.57627432214207 435.2447255913969
800 226.89090227528578 409.3220229412372
800 175.04754556319463 412.3861743466933
800 125.13508962133133 409.29843555217917
800 84.41214647201033 397.1279258979251
800 41.49779991725842 394.8251924612045
800 2.406430960324549e-14 393.0
800 -33.380649472353106 381.54256936913856
800 -73.07984522921666 375.9632112604553
800 -106.94729405699563 372.96953802406773
800 -151.3410637400285 374.5822772449821
800 -193.89175543057294 364.6573558507368
800 -230.38231181135646 354.75765024091436
800 -288.85805949187534 356.7099963087497
800 -337.99704140716966 337.9970414071697
800 -386.8524437750838 324.60774289170246
800 -482.4998672270342 325.4502698199747
800 -544.0134578407042 301.5515837932217
800 -625.022795494207 265.3064362442169
800 -868.3247184144362 265.47350788824485
800 -1138.5638072541499 242.00920811187183
800 -1565.377463309662 164.52780118328698
800 -1767.0 2.163950894093373e-13
800 -1775.2189519994906 -155.31153357632647
800 -1747.296386536842 -339.6400117702496
800 -1711.0458187702077 -490.6344933542582
800 -1564.1591626541704 -631.9613230926436
800 -1241.4243155596512 -660.0770172769626
800 -651.6470312935945 -423.1845302066761
800 -547.1107568657075 -443.0415552990857
800 -453.9625535217636 -453.9625535217635
800 -328.4644685498217 -391.4487104337977
800 -268.9717865694291 -398.76707239897513
800 -219.13394835134426 -395.32810762700694
800 -157.85537590966663 -371.8839607947859
800 -113.73259313714473 -372.0025500696207
800 -76.92732560257112 -361.9146122715081
800 -36.58496214367867 -348.0826633788957
800 -6.319177483600342e-14 -344.0
800 29.371485305960707 -335.71761325691824
800 65.25667641877843 -335.71649673910105
800 94.54361304523079 -329.71276170684337
800 130.36309450873736 -322.65998138924203
800 172.76553510520768 -324.92471417208515
800 206.96283330571012 -318.69481581926124
800 247.32291368258615 -305.4183628525895
800 316.78383797157323 -316.78383797157335
800 366.93528825399034 -307.89526503985246
800 430.2705001560667 -290.2211169013175
800 502.0317118980132 -278.28072202139737
800 523.7672616144386 -222.32601211039685
800 529.7928348035216 -161.9739244163964
800 507.6586047808451 -107.90616753441738
800 507.20616663781936 -53.309516266503245
900 502.0 0.0
900 485.1468179706801 42.444846718109524
900 480.99731988935537 93.49640773450696
900 490.2434649285426 140.57505146666958
900 480.2812366655959 194.04621538944244
900 482.08938570097416 256.3314732810964
900 473.8488708891646 307.72105478349033
900 456.1846793752419 369.41106954625457
900 424.9711754931151 424.9711754931151
900 372.81681361819284 444.3057770090073
900 306.4377111019692 454.3125897601629
900 235.61747543971984 425.06517766974633
900 181.68997474751228 428.0347568553848
900 130.69015201106333 427.46822591547686
900 87.53082183427674 411.8001399089321
900 43.06572686627322 409.7430208917286
900 2.46154006628618e-14 402.0
900 -34.33936264257734 392.50071104814776
900 -75.56036216911174 388.72436464527493
900 -111.08185439425061 387.3884634631425
900 -156.58555604785124 387.56285120891715
900 -199.05594262121775 374.369779372185
900 -236.37334119652175 363.983026488314
900 -300.81514692182225 371.4757695764321
900 -354.2604973744603 354.26049737446033
900 -399.87519930810646 335.53513225637363
900 -508.2000319762405 342.78524982756784
900 -576.3743870048618 319.4895397423362
900 -660.9224847788522 280.54495025529855
900 -965.8678035226659 295.295421769964
900 -1316.5866705877024 279.84913584070404
900 -1672.7858280094356 175.81687521619358
900 -1778.0 2.177422008883994e-13
900 -1776.2151466975822 -155.39868931907412
900 -1752.2045224540802 -340.5940567471323
900 -1708.1620336823926 -489.8075812868072
900 -1530.780543889766 -618.4754857296707
900 -1199.0428311024227 -637.5423822632398
900 -640.744313910304 -416.1042227514807
900 -537.0078593667669 -434.8603902154378
900 -441.9417382415923 -441.9417382415922
900 -320.10822962389665 -381.49013267325097
900 -262.26147172778013 -388.8186215283146
900 -213.80104252863455 -385.7072908484736
900 -152.77587123930607 -359.91739769990414
900 -110.51650438519462 -361.48319775402734
900 -76.71941391175336 -360.9364646707743
900 -36.37590521714337 -346.09361958815913
900 -6.245698675651501e-14 -340.0
900 29.110018077717736 -332.72902916264303
900 65.06586742340188 -334.7348695556534
900 95.0948877568648 -331.63528509872
900 131.4869142889851 -325.4415329529424
900 174.64342135635124 -328.4565045435209
900 210.77530655081532 -324.5655097948792
900 251.09883602888516 -310.08123862133135
900 320.31937187750594 -320.3193718775061
900 373.06364379894217 -313.03756591734475
900 431.9285753011768 -291.339502708259
900 499.407852776595 -276.82629316065834
900 523.7672616144386 -222.32601211039685
900 528.8365300475585 -161.68155271167365
900 505.70230957937747 -107.49034415278186
900 504.2226009517146 -52.99593087670028
